

 conv1.weight 
[[[[ 0.28954947  0.11100291 -0.01972221]
   [ 0.25063047  0.38884634  0.5259593 ]
   [-0.0395846   0.05427811 -0.18617415]]]


 [[[-0.11350579 -0.21400094 -0.23466985]
   [-0.07912416 -0.01340913 -0.19074543]
   [-0.28072464 -0.22705244 -0.21009183]]]


 [[[ 0.24335475  0.25081748 -0.48416966]
   [ 0.45267352  0.01668725 -0.36984038]
   [ 0.33226752 -0.11283318 -0.01472297]]]


 [[[-0.16290243 -0.3628909  -0.28718492]
   [ 0.50528544 -0.24069077 -0.32923898]
   [ 0.53737587  0.3429517   0.35859174]]]


 [[[-0.07113825  0.09053496  0.0961123 ]
   [-0.2989668  -0.333084   -0.31426498]
   [ 0.38445392  0.23283944 -0.02902984]]]


 [[[ 0.05660613  0.3808903   0.5704763 ]
   [-0.31775716 -0.15548645  0.17416023]
   [-0.51481396 -0.23866649  0.08648861]]]


 [[[-0.22052982 -0.5366952  -0.34251913]
   [-0.22714706 -0.05387015  0.43631062]
   [ 0.41620737  0.53340954 -0.00380557]]]


 [[[-0.00678481 -0.2061173   0.413244  ]
   [ 0.01907145 -0.42575514 -0.27711916]
   [ 0.26644698  0.31141257 -0.13201343]]]


 [[[ 0.18466794  0.32183784  0.14499632]
   [ 0.4518915   0.26927713  0.03288303]
   [ 0.3506877  -0.14055304 -0.64474493]]]


 [[[-0.22044542  0.4803041   0.16610071]
   [-0.17967446  0.17026998 -0.17415121]
   [-0.46879378  0.24183863  0.3996451 ]]]


 [[[ 0.17075476  0.2611445   0.36178234]
   [ 0.18084769 -0.30093718  0.05214557]
   [-0.19184223 -0.07760382 -0.40174833]]]


 [[[-0.2609877  -0.4108671   0.29053804]
   [ 0.03328669 -0.03241315  0.48692232]
   [-0.19653851 -0.16871774  0.31466275]]]


 [[[-0.43256477  0.11293453  0.26369357]
   [ 0.47671378  0.43761444  0.30773756]
   [-0.151657   -0.44662786 -0.3383622 ]]]


 [[[ 0.30726504 -0.059361   -0.3005711 ]
   [-0.26455253  0.42208472 -0.14758772]
   [ 0.06228364  0.28022307 -0.12060449]]]


 [[[ 0.2099942   0.13956715 -0.05460024]
   [-0.19611031  0.1679064   0.07322853]
   [-0.15916993 -0.21957998 -0.24668619]]]


 [[[ 0.04698648 -0.29079163 -0.13744038]
   [-0.26288784  0.05096542 -0.18011817]
   [-0.153412   -0.10243571 -0.05325919]]]]

 conv1.bias 
[ 0.01071333 -0.22092438  0.3039374   0.12406194 -0.12510355 -0.07525773
 -0.04156808 -0.04803492  0.41595337  0.25949615  0.02397814  0.03565237
  0.35661256  0.13044618  0.08900134  0.11793074]

 conv2.weight 
[[[[ 2.97133587e-02  2.10988186e-02  1.12606861e-01]
   [-1.83089688e-01  2.81486083e-02 -6.89447299e-02]
   [-1.21990524e-01 -2.15028539e-01 -8.04290622e-02]]

  [[ 2.41737366e-02 -2.96498202e-02 -4.39123325e-02]
   [-2.66773403e-02 -1.31363200e-03 -3.02303415e-02]
   [ 5.80814295e-02  4.17821929e-02  8.84360671e-02]]

  [[ 7.96881020e-02 -1.79948052e-03 -5.59827276e-02]
   [-2.83916503e-01 -1.45014793e-01 -2.63694767e-02]
   [-7.24709034e-02 -2.29493514e-01 -1.27394482e-01]]

  ...

  [[-3.55375111e-02  6.43788204e-02 -5.45974006e-04]
   [-1.80575252e-01 -1.49756849e-01 -1.81926310e-01]
   [-1.68187156e-01 -2.01315284e-01 -8.67084488e-02]]

  [[ 9.95104164e-02  1.49965128e-02  1.47052724e-02]
   [-6.61201999e-02 -1.90975815e-02 -5.98006994e-02]
   [ 2.56273150e-02  2.15861457e-03  4.09173407e-02]]

  [[ 2.51987297e-02 -3.32837217e-02 -6.66538104e-02]
   [ 5.75406477e-02 -1.60342947e-01 -4.50590290e-02]
   [-5.30306734e-02  9.13523976e-03  2.77512763e-02]]]


 [[[-3.65802422e-02  1.29512819e-02  6.10905886e-02]
   [-7.96614494e-03 -3.67131792e-02  9.16313753e-03]
   [ 6.08006790e-02  3.58100515e-03 -5.07270284e-02]]

  [[ 1.72366239e-02 -4.05520014e-02 -3.01085468e-02]
   [-3.55655663e-02  3.45977731e-02 -4.94309254e-02]
   [-9.02713314e-02  3.60962823e-02  6.19351417e-02]]

  [[-1.73972666e-01 -2.02300087e-01 -9.89179909e-02]
   [-1.62121765e-02 -3.65360640e-02 -1.53547645e-01]
   [ 1.58622593e-01  2.60735244e-01  1.07997060e-02]]

  ...

  [[ 1.56377330e-02  5.94259333e-03  2.66967621e-02]
   [ 1.42414123e-01 -3.48704197e-02 -1.49068430e-01]
   [ 1.51219040e-01  9.07531977e-02 -3.17885727e-02]]

  [[ 1.04520276e-01  1.30181795e-03 -1.84435137e-02]
   [ 1.85089521e-04  3.22846882e-02 -4.08811122e-02]
   [-6.97781891e-02 -1.08960070e-01  3.36836763e-02]]

  [[ 2.40198914e-02  3.26331444e-02 -3.60794999e-02]
   [-3.32671665e-02 -2.78761424e-03  3.14263552e-02]
   [-6.37448579e-02  1.61917112e-03 -3.16745751e-02]]]


 [[[-1.29691422e-01 -1.03846893e-01 -8.58844593e-02]
   [ 4.83254455e-02 -1.07474729e-01  3.52198631e-02]
   [ 1.31336898e-01  1.21614143e-01  4.05031145e-02]]

  [[-4.69316952e-02  1.29547389e-02  2.83102207e-02]
   [ 2.96153370e-02 -8.49579498e-02  2.60627642e-02]
   [-1.23896323e-01 -1.67129748e-02 -2.96093654e-02]]

  [[-1.07142307e-01 -3.50136533e-02 -1.53225094e-01]
   [-5.79416938e-02 -3.09589971e-02 -5.19121327e-02]
   [ 7.65390173e-02 -5.36793917e-02  1.87120754e-02]]

  ...

  [[-1.70668960e-01 -9.24147293e-02 -4.74769883e-02]
   [-1.31498069e-01 -3.63943204e-02  3.90580297e-02]
   [ 1.55140655e-02  5.77300973e-02 -5.20102680e-02]]

  [[-7.88275599e-02 -1.92348417e-02 -4.86992672e-02]
   [-7.88536891e-02 -9.77283642e-02 -3.06606735e-03]
   [-1.01577319e-01 -4.69755232e-02  6.58848137e-03]]

  [[ 3.88960466e-02  2.06704699e-02  5.03967442e-02]
   [-4.55546267e-02 -5.85144386e-02 -5.65545596e-02]
   [ 5.11304177e-02 -9.87718254e-02 -1.74979374e-01]]]


 ...


 [[[-6.28944784e-02 -2.57604048e-02  2.67999638e-02]
   [-6.78894520e-02 -1.01464979e-01 -1.41257662e-02]
   [-9.20786113e-02 -1.68848317e-02  1.84040274e-02]]

  [[-1.56546757e-02 -5.36417216e-02 -3.10908183e-02]
   [ 5.40125221e-02 -1.84645522e-02  4.70881611e-02]
   [ 4.10581566e-02  1.80074945e-02  6.41038641e-02]]

  [[-8.46969038e-02 -7.95887560e-02  2.18846053e-01]
   [ 5.70350885e-03 -9.64831095e-03  2.60746088e-02]
   [-5.18809892e-02 -1.03070669e-01  9.60250124e-02]]

  ...

  [[-1.48565441e-01  7.43227825e-02  1.18883759e-01]
   [-9.41642970e-02  7.65804276e-02  7.87281990e-02]
   [-7.49476030e-02  3.17265987e-02  1.52878687e-01]]

  [[ 5.38487919e-02 -2.16856543e-02  1.91578995e-02]
   [-5.68677559e-02 -8.15122053e-02 -8.05888698e-02]
   [-7.68573806e-02 -1.20730340e-01  1.90980844e-02]]

  [[ 4.78332750e-02 -9.36713293e-02  4.58619744e-02]
   [ 1.22956475e-02 -9.68224648e-03  3.90989371e-02]
   [ 3.29770409e-02  1.53850382e-02 -3.31698209e-02]]]


 [[[-1.97718833e-02  8.01472750e-04 -4.47224751e-02]
   [-1.14761740e-01 -1.77481130e-01 -1.97815284e-01]
   [ 6.10601529e-02 -1.60672367e-02 -1.07142434e-03]]

  [[-1.09290019e-01 -9.25568044e-02 -3.44097801e-02]
   [-1.45505100e-01 -6.27020970e-02 -8.81417096e-02]
   [-1.27295837e-01 -2.27111235e-01 -5.14067039e-02]]

  [[ 6.66349083e-02  9.29812342e-02  7.36541003e-02]
   [ 6.37215227e-02 -8.55786577e-02 -7.83455372e-02]
   [-3.84210306e-03  5.54346405e-02  8.69031623e-02]]

  ...

  [[-6.94483742e-02 -9.58707370e-03  1.58556134e-01]
   [ 3.96284685e-02 -5.38679957e-03  4.96649649e-04]
   [ 8.08526501e-02 -7.04793632e-03  1.05155721e-01]]

  [[-5.32905012e-02 -4.76184068e-04  6.89195748e-03]
   [-9.13579762e-02 -2.62850150e-02 -1.91428382e-02]
   [-2.70698275e-02 -7.90390819e-02 -1.12912513e-01]]

  [[ 2.10119411e-02 -7.60606453e-02  1.86789241e-02]
   [-4.41401824e-02 -8.02592486e-02 -1.05699198e-02]
   [-1.53170884e-01 -2.14770570e-01 -1.25924394e-01]]]


 [[[ 5.86614646e-02  3.93505879e-02  5.43073006e-02]
   [ 1.30049316e-02 -4.80868435e-03  1.04519308e-01]
   [ 1.04335889e-01  4.38278727e-02 -1.91797782e-02]]

  [[-5.74618354e-02 -1.45426527e-01 -1.39685407e-01]
   [-3.92371565e-02 -8.02138299e-02 -9.59329531e-02]
   [-1.23557732e-01 -2.67759293e-01  7.08209304e-03]]

  [[-1.96029648e-01  7.38168135e-02  1.07679263e-01]
   [ 9.35415477e-02  4.50539924e-02  1.31159527e-02]
   [ 5.20986207e-02  5.55534661e-02  6.46332577e-02]]

  ...

  [[-4.58945408e-02  5.80377085e-03  5.94056547e-02]
   [-3.51178683e-02 -4.39127497e-02 -1.65157951e-02]
   [-3.78437825e-02  8.38870704e-02  3.94776538e-02]]

  [[-1.35973990e-01 -2.05608293e-01 -7.30293170e-02]
   [-6.29012063e-02 -1.78503275e-01 -1.05678923e-01]
   [ 1.20313037e-02 -2.61071436e-02 -2.85065435e-02]]

  [[-9.22385082e-02 -1.02661796e-01 -1.29122168e-01]
   [-1.03152044e-01 -8.23140144e-02 -1.15691729e-01]
   [-1.80598915e-01 -2.39303604e-01 -6.69614300e-02]]]]

 conv2.bias 
[-0.02682051 -0.0956896  -0.11733048 -0.01853496  0.00597558 -0.07965796
 -0.02126712 -0.12573762 -0.10125469 -0.1140164  -0.02571966 -0.0025596
 -0.05620512 -0.09005118 -0.03353614 -0.10565268 -0.01529632  0.05462396
 -0.06571374 -0.04695199 -0.04376442 -0.07236179  0.01444452  0.03740376
 -0.03061712 -0.05265337 -0.06757697 -0.05247027  0.01390452 -0.03424688
 -0.00676148  0.00190563]

 fc1.weight 
[[-0.00068421  0.02095994 -0.02292782 ...  0.01265226 -0.02005619
  -0.00245083]
 [-0.01089684 -0.00787419 -0.01039853 ... -0.02814066 -0.01210808
   0.01609733]
 [-0.01992062 -0.00942426 -0.01316222 ...  0.0240323   0.01012242
  -0.00621446]
 ...
 [ 0.0200235  -0.00328066 -0.01220773 ... -0.00381046 -0.00230176
  -0.01378988]
 [-0.01133385 -0.00175472 -0.01441704 ... -0.00068167  0.00684695
   0.01830152]
 [-0.01228482 -0.00850422 -0.03295812 ... -0.01340848 -0.01553883
  -0.00058896]]

 fc1.bias 
[ 1.22491457e-02 -8.28006864e-03 -1.22262249e-02 -2.15757005e-02
 -2.36209817e-02 -2.40763128e-02  1.37802223e-02  2.34560501e-02
  1.54096838e-02  3.39456610e-02 -1.54096922e-02  1.48021840e-02
 -4.90984041e-03  1.20899901e-02  5.05732605e-03 -3.30729894e-02
 -2.86687799e-02  1.83415711e-02 -1.99501216e-02 -2.05279365e-02
 -4.72376049e-02 -2.28959303e-02  9.89149048e-05 -2.26397999e-02
 -3.73544432e-02  1.12265237e-02  9.39281844e-03 -6.54688943e-03
 -6.63422630e-04 -9.63569712e-03 -7.68998172e-03  9.14162677e-03
  4.49927822e-02  7.39801489e-03  4.99022892e-03 -3.21246013e-02
 -1.26828160e-02 -1.56537630e-02 -8.32110364e-03 -1.04126967e-02
 -2.57610995e-02 -3.64140347e-02 -1.61311887e-02  1.49074728e-02
 -3.18232104e-02  1.95359141e-02 -3.73174474e-02 -1.00269523e-02
 -2.74127331e-02 -6.70904852e-03 -8.77664483e-04  1.01948725e-02
  3.56453769e-02  9.58536007e-03  1.53574580e-03  9.10193659e-04
 -1.90601987e-03 -1.07604153e-02  1.52218360e-02 -1.98910888e-02
 -1.40707875e-02  4.81846444e-02  2.52877120e-02  1.27117103e-02
 -1.46154277e-02 -7.75131676e-03 -1.16204014e-02  4.63380566e-04
 -2.25857422e-02  2.86817290e-02 -4.16114777e-02  1.58900134e-02
 -1.18162856e-02  3.48719000e-03  1.81923974e-02 -1.31205553e-02
 -1.25615671e-02 -1.50930779e-02  2.42888406e-02  3.30630280e-02
  1.13771101e-02  3.16655897e-02  6.35364000e-03 -1.71599556e-02
 -1.92246605e-02 -1.12023894e-02  3.60192358e-02  9.07186978e-03
 -1.63755324e-02  1.70242377e-02  1.81070752e-02 -1.66211966e-02
 -1.17856385e-02  4.34083724e-03  5.72084624e-04  9.69476812e-03
  1.23380842e-02  7.81542342e-03 -2.31850576e-02  4.52967454e-03
  1.31309982e-02  3.10312696e-02  4.99597937e-02  1.33834714e-02
 -1.93718541e-02  2.79938919e-03  6.11789487e-02 -1.48681924e-02
 -7.23508280e-03 -3.61160822e-02 -7.14742951e-03  2.36832742e-02
  2.95937695e-02  4.86467499e-03 -1.73081961e-02 -1.32892802e-02
 -4.75576483e-02 -9.62237071e-04  9.20515857e-04 -2.31838375e-02
  3.68185118e-02 -9.88132972e-03  7.61507021e-04 -1.05923172e-02
 -3.12806368e-02 -7.60368491e-03  7.41573190e-03 -9.80868563e-03]

 fc2.weight 
[[-0.07768918 -0.08835355  0.02634124 ...  0.07789819 -0.00510961
  -0.21072362]
 [ 0.01806907  0.11768298  0.0875171  ... -0.06476806 -0.05372008
  -0.16412224]
 [-0.04887679 -0.18708931  0.11571045 ... -0.11608595  0.05823493
   0.04977595]
 ...
 [-0.07072017 -0.13112248 -0.06896541 ...  0.15776858 -0.05005141
  -0.16381896]
 [ 0.01045915 -0.02420164 -0.16780405 ... -0.05808688 -0.20906585
   0.04205302]
 [ 0.08243214  0.08470275 -0.10162739 ... -0.11259338 -0.19419514
  -0.19244474]]

 fc2.bias 
[-0.00467926  0.02973981  0.04186995  0.03358773 -0.03931381  0.02430863
 -0.09909246 -0.0630338  -0.01469981  0.08803257]