

 fc1.weight 
[[-0.00422966  0.00694725  0.01235725 ...  0.00165562 -0.01064436
   0.0183157 ]
 [ 0.02198472 -0.00930693  0.01532034 ...  0.00969483  0.03731275
   0.0253456 ]
 [ 0.01452419 -0.00815385 -0.01176998 ... -0.00019087 -0.00547301
   0.0154852 ]
 ...
 [ 0.00813293 -0.02014533 -0.00971811 ... -0.02288075 -0.00910393
   0.00939618]
 [-0.02294129 -0.02967272  0.02826983 ... -0.02828982 -0.02708321
   0.01178416]
 [-0.02592968  0.02005635  0.02672378 ... -0.02854525  0.00237912
   0.03731802]]

 fc1.bias 
[ 5.02557913e-03  1.74845364e-02  2.08473168e-02 -3.81193049e-02
 -1.02810273e-02 -3.69501002e-02  2.21620686e-02 -9.18030832e-03
 -1.26697039e-02 -3.19676027e-02  1.16998227e-02  2.45755278e-02
 -1.87226944e-02 -1.59767233e-02  2.79765632e-02  1.80743225e-02
  8.83670803e-03 -5.72984060e-03  7.41228973e-03 -6.29824307e-03
  1.59026962e-02  3.25824954e-02 -5.93041768e-03 -4.07667346e-02
  7.85242673e-03  2.75680609e-02 -9.42070037e-03 -2.61365175e-02
  8.87272321e-03  1.56412348e-02 -5.58832334e-03  1.40824635e-02
  1.02740051e-02 -2.70646084e-02  2.86732949e-02 -5.36080450e-03
 -2.89948434e-02  3.05606565e-03 -1.67964548e-02 -5.65745076e-03
 -2.14166250e-02  2.47609001e-02  1.40831834e-02 -8.64793174e-03
  3.46406214e-02 -2.37991735e-02 -3.42429839e-02  2.74352413e-02
 -1.74562354e-02 -1.64509472e-02  2.34798491e-02  1.92844532e-02
 -3.64025533e-02 -3.13417194e-03 -9.92643647e-04  3.99656687e-03
  3.00728669e-03  8.25883728e-03 -1.46577107e-02  8.48899782e-03
  1.34755261e-02  2.80332007e-02 -1.59124397e-02 -3.04413717e-02
 -3.54558602e-02 -2.04920433e-02 -2.11970247e-02  1.47250481e-02
  1.77046575e-03 -1.45395612e-02 -3.15156430e-02 -9.45851207e-03
  2.65465621e-02 -3.21372598e-02 -2.83861924e-02  1.84596088e-02
  1.10259755e-02 -3.14779319e-02 -5.63549250e-03  9.20079276e-03
 -2.40851864e-02 -1.16078388e-02 -2.88362708e-02 -1.18047697e-02
 -8.02663434e-03 -1.36903133e-02  3.16852033e-02 -6.45000907e-03
 -1.82119943e-02 -3.49090691e-03 -8.45854543e-03  1.92120229e-03
  3.98336397e-03  2.09625810e-02 -3.43086980e-02  2.15361770e-02
 -4.63838369e-04 -2.64114570e-02 -8.06354545e-03 -7.25474581e-03
  1.25382775e-02 -3.19598615e-02  1.87031329e-02  5.92178572e-03
  2.66415365e-02  3.31324451e-02 -4.44973912e-03 -2.14700364e-02
 -3.12170908e-02  1.17670372e-02 -2.33167522e-02 -3.95116061e-02
 -1.27633801e-02 -3.70985642e-02 -1.88225303e-02 -8.87103844e-03
 -2.30146702e-02 -3.62353139e-02  1.55524611e-02 -3.06562800e-02
 -1.56506337e-02 -7.46168196e-03 -3.22765708e-02 -2.79515516e-02
 -4.09683697e-02  1.24624537e-04  3.17386687e-02 -1.79583505e-02
  1.05352476e-02  1.73832811e-02 -8.88329931e-03 -4.31638882e-02
  5.94677404e-03  8.68406612e-03  1.27288718e-02  2.26155184e-02
 -2.94484925e-02  2.47638952e-02 -3.56313474e-02  3.59266327e-04
 -1.56491771e-02 -1.54793430e-02  9.53997672e-03 -2.57154778e-02
  1.07919332e-02 -2.32541319e-02  2.33882908e-02  1.23875262e-03
 -5.43507561e-03  1.53764179e-02  2.99992990e-02 -4.15629037e-02
  1.69999059e-02  2.26545874e-02 -1.23774894e-02  2.98766121e-02
 -3.13418359e-02  5.26865292e-03 -2.14539282e-02  3.29584219e-02
  1.38480831e-02  3.13503891e-02 -1.63977984e-02  1.78528633e-02
  2.89314631e-02 -8.66568554e-03 -1.66119263e-02 -1.28317159e-02
  2.20382866e-02  7.28127267e-03 -2.33877618e-02 -1.26790311e-02
  5.25970012e-03 -2.13838695e-03  3.26239653e-02 -2.53217164e-02
 -2.38959584e-03  3.00730858e-02  1.41869662e-02  3.78525583e-03
 -3.97304595e-02  9.74059291e-03 -1.28105106e-02  1.17619885e-02
  5.92527632e-03 -2.28110672e-04 -2.59453598e-02  1.58169437e-02
 -1.39118880e-02  2.33644936e-02 -1.32993367e-02 -2.20923275e-02
 -1.24011666e-03 -4.98658568e-02  7.42295897e-03 -3.47068422e-02
 -2.56159417e-02  1.76611748e-02 -3.70418690e-02  1.65363513e-02
 -3.64971459e-02 -2.39874180e-02 -8.17629974e-03 -1.54670281e-02
 -2.49462072e-02 -1.06891652e-03 -3.25638987e-02 -1.37577122e-02
 -3.08435950e-02 -2.07688063e-02  3.02951671e-02  6.69998699e-04
  2.61125062e-02  3.04816347e-02 -2.06603762e-03 -3.37173827e-02
  3.06066009e-04  2.05905009e-02 -2.04492640e-02  2.48157829e-02
  3.55974846e-02  1.72140785e-02  2.11092029e-02  9.00176261e-03
  1.58560723e-02 -7.68915343e-04  2.68367846e-02 -3.50181200e-02
 -5.05847577e-03 -1.12451438e-03 -2.02708431e-02  2.00507566e-02
 -1.24907233e-02  1.56210214e-02 -2.86592189e-02 -9.08676418e-04
 -9.25291516e-03  2.27656979e-02  1.48340371e-02 -2.76887994e-02
 -3.09200492e-03 -8.34712479e-03 -3.19469646e-02  1.76375788e-02
 -1.53372819e-02  2.93796621e-02 -1.95747223e-02 -3.56536619e-02
  3.78888170e-03 -4.54104133e-03  1.25543242e-02 -2.50467081e-02
 -2.41442155e-02  3.32126990e-02  7.30664562e-03 -2.00325511e-02
 -2.83576865e-02  2.59516202e-02  2.68187039e-02 -2.11705291e-03
  6.02697115e-03  1.39122475e-02 -3.21053825e-02 -2.61007510e-02
  3.10416501e-02  1.56274252e-02  1.19621335e-02  2.75221691e-02
  2.83044409e-02  1.56761929e-02  1.82654131e-02  3.65471877e-02
 -4.38839979e-02  1.36697059e-02 -1.39830839e-02 -2.14842875e-02
  1.83445439e-02 -3.95055227e-02 -1.58630535e-02 -9.99385677e-03
  1.54034831e-02  8.76651797e-03 -1.87031012e-02  4.16744016e-02
  1.51365213e-02 -3.04444674e-02 -2.60347538e-02  8.03015940e-03
 -2.60119559e-03 -8.79924744e-03 -1.77687928e-02 -3.01606767e-03
 -3.22425030e-02  2.88959034e-02  7.45553197e-03  1.95130613e-02
  2.67298445e-02  2.01400705e-02 -2.83870995e-02 -1.99267492e-02
 -2.89184768e-02  1.70065090e-02  1.08800596e-02 -3.53815630e-02
  4.15446796e-03  1.28288362e-02 -2.06365599e-03 -3.07542887e-02
  1.49927065e-02 -5.02102124e-03  8.23282730e-03 -1.51578477e-02
 -2.01279093e-02 -1.95387546e-02 -3.16512473e-02  1.78285651e-02
  8.79965629e-03  2.76025422e-02  8.56129453e-03  1.34379240e-02
  1.28039229e-03 -2.29137223e-02  3.26402411e-02 -3.17060463e-02
 -2.60494296e-02  2.95763891e-02 -3.40168364e-02 -1.23790018e-02
 -2.58566067e-02  3.17723230e-02  2.56080553e-02 -9.37841553e-03
  2.26610303e-02 -3.23915705e-02  2.02891119e-02 -6.62515173e-03
 -1.10934433e-02  2.46725082e-02 -1.35186361e-02 -1.69230159e-02
  2.71392260e-02 -2.38881968e-02 -2.01455709e-02  3.04971337e-02
 -3.58581496e-03 -2.84311175e-02  5.37630683e-03  6.09425013e-04
 -1.84891019e-02 -3.53728384e-02  2.33832113e-02  1.99847482e-02
  9.26391035e-03 -2.55601965e-02  1.99884363e-02  1.57956779e-02
  2.97007002e-02  2.88064443e-02 -1.40725626e-02 -1.26313865e-02
 -9.72382072e-03  1.75231285e-02 -1.49907786e-02  1.99355260e-02
 -2.82740891e-02 -6.03871467e-03  2.86748856e-02 -6.64115325e-03
 -8.65093153e-03  2.06047259e-02 -7.81131675e-03  1.62090489e-03
 -1.17965443e-02 -4.33385558e-03 -5.35220280e-02 -2.18906496e-02
  2.78028380e-02  2.65105702e-02 -4.07153042e-03 -2.38310695e-02
  2.36635543e-02 -2.89644301e-02  2.45226212e-02 -2.97327135e-02
  3.12109031e-02  6.39394671e-03  2.52155978e-02  2.11150036e-03
  1.36140520e-02 -2.27764808e-02 -2.99984626e-02 -1.35904867e-02
 -1.31500103e-02 -2.17548460e-02 -2.26655323e-02 -2.00835969e-02
 -1.50056072e-02 -2.37151310e-02 -9.57963290e-04  1.61690060e-02
 -8.72380752e-03  7.51102436e-03  9.95578337e-03 -3.59108970e-02
  1.30450474e-02  3.19654457e-02  3.00484579e-02  3.35074067e-02
  6.24555908e-03  3.88929546e-02 -1.19812479e-02 -1.08168032e-02
 -1.28031783e-02  2.88421139e-02 -1.02805607e-02 -6.30200515e-03
 -1.85477883e-02  7.79780606e-03  1.11993942e-02  8.52114696e-04
 -9.63081256e-04  2.18881778e-02 -1.88070387e-02 -1.36992326e-02
 -3.78233120e-02 -3.56711708e-02 -6.18115719e-03 -1.45823695e-02
  3.41241201e-03 -3.94320637e-02 -3.45638432e-02 -2.11744588e-02
 -1.04634725e-02  3.22255939e-02  2.04867311e-02 -1.61075406e-02
  1.11413449e-02  1.44477263e-02  3.18829417e-02  1.44302100e-02
 -2.18378548e-02  1.71012655e-02 -2.35204992e-04 -2.20593736e-02
  4.76845569e-04 -1.43396789e-02  1.61567423e-02 -1.43426023e-02
  1.47405034e-02  2.24620220e-03  6.88444683e-03 -4.73235771e-02
  2.05732398e-02  2.48914845e-02 -1.71383005e-02  2.99423374e-03
 -1.22351656e-02 -7.88820256e-03 -1.95865221e-02  4.24137013e-03
  3.84393297e-02 -2.85766795e-02 -3.55377654e-03  9.70843434e-03
 -1.46465786e-02 -3.12723480e-02  1.97513569e-02 -2.74884570e-02
 -6.28461875e-03 -1.27824536e-03  3.49418521e-02  3.43078980e-03
 -2.35530790e-02 -8.46200436e-03  3.48119661e-02 -3.86105925e-02
  1.30396979e-02 -3.77053991e-02  2.04378311e-02 -3.50222550e-02
  2.90741269e-02 -2.12971866e-02 -2.67724972e-02  7.29502970e-03
  2.14666147e-02 -3.14798169e-02 -1.58623364e-02 -3.20754051e-02
 -3.14627253e-02  1.99405998e-02  4.54593403e-03  1.06443893e-02
  1.46922246e-02 -7.46897422e-03 -2.70204600e-02 -2.48190034e-02
  3.17526162e-02  9.34355147e-03  1.95586830e-02 -2.88800392e-02
 -2.12418437e-02 -2.38028746e-02 -2.22465172e-02 -9.55455098e-03
  2.66212560e-02 -2.58455817e-02 -1.37406671e-02 -2.60961093e-02
 -2.13909633e-02  1.44085437e-02  9.66091757e-04  1.55112660e-02
  1.80030074e-02 -7.49883382e-03  6.18273532e-03  2.65625939e-02
 -1.32306451e-02 -3.07772737e-02 -2.31067673e-03  2.56112069e-02
 -2.42903400e-02  2.82221511e-02 -8.36478639e-03  3.47737856e-02
  6.49008653e-05 -3.50931436e-02  2.03099451e-03  5.56214293e-03
  1.83741041e-02  1.52338361e-02 -3.19001675e-02  2.40599979e-02
 -3.30240503e-02  1.70732569e-02  3.50148953e-03 -2.41233818e-02
  2.64647626e-03 -4.42606062e-02 -3.72832939e-02 -3.96914557e-02
 -8.05368554e-03 -3.32438722e-02  2.23321225e-02 -2.81133018e-02
  1.81544106e-02 -1.20588187e-02 -1.67708453e-02  1.82974711e-02
  5.04635042e-03 -1.82175990e-02  3.83129041e-03 -1.24492301e-02
  2.73778979e-02 -3.43758725e-02  2.95078242e-03  1.43086910e-02
  1.31175080e-02  2.60658516e-03 -3.07027362e-02  2.23591104e-02
 -4.10382682e-03 -2.71898489e-02  1.62725672e-02 -7.26072863e-03
 -1.08188307e-02  1.96768772e-02  2.62562698e-03  3.04797455e-03
 -1.43114273e-02  9.68593266e-03  2.42824741e-02 -3.02250218e-02
  2.88367551e-02 -2.74930950e-02  1.47301098e-02 -5.86277526e-03
 -2.28190403e-02  2.17300523e-02  1.32369998e-04 -7.00552668e-03
 -2.05429532e-02 -7.32838130e-03  3.81134599e-02  6.38995087e-03
 -3.21110785e-02  2.00715903e-02 -2.80723665e-02  7.98628572e-03
 -3.93246375e-02 -2.09417730e-03 -3.26772444e-02  1.91909708e-02
  9.90573037e-03 -3.10919899e-02  9.92447417e-03 -2.21454892e-02
 -7.52964243e-03  1.99119411e-02 -6.05202187e-03  6.76739262e-03
 -1.72397923e-02 -2.44362131e-02 -3.52336206e-02 -2.14598849e-02
  1.92104504e-02 -2.56276671e-02 -2.52183657e-02 -2.51071062e-02
 -3.74549180e-02  3.24130571e-03 -1.95792299e-02 -2.23172810e-02
 -3.60968453e-03  2.85548661e-02 -1.23283798e-02 -1.71972550e-02
  2.70344708e-02 -3.32872160e-02 -3.16352658e-02  1.44108562e-02
 -1.16623333e-02 -3.50930053e-03  3.44414711e-02  4.89273062e-03
 -2.65865624e-02  1.93249919e-02  1.01794815e-02 -1.17461029e-02
  1.86074879e-02 -1.40141761e-02  5.65594016e-03 -2.88138259e-03
 -8.09479225e-03 -8.49683024e-03  1.63183250e-02  1.86609589e-02
 -3.62672284e-02  1.07113076e-02  2.91687325e-02 -3.98495086e-02
  2.64219809e-02 -1.46923754e-02 -2.38840394e-02  2.70720776e-02
 -3.17322910e-02 -1.47435106e-02 -3.55412178e-02  5.98749937e-03
 -1.38009880e-02  2.47891005e-02 -1.80990770e-02  4.53236140e-03
  8.90194625e-03 -3.38365175e-02  3.47901508e-02  9.58223641e-03
  2.71812025e-02 -1.70269236e-02  5.88545948e-03  9.79489367e-03
  1.42386537e-02 -2.18208153e-02 -2.67527755e-02  1.97798330e-02
 -3.49620287e-03  1.29000228e-02  3.10086552e-02  1.09873498e-02
  3.39320302e-02  9.00766812e-03 -2.97741164e-02  2.12602019e-02
  5.28221531e-03  3.17259207e-02 -1.19332019e-02  3.32855480e-03
 -1.30603490e-02 -1.61743388e-02 -1.26678599e-02  3.43660526e-02
  1.49051016e-02  2.91608945e-02  1.11940140e-02  1.16760479e-02
 -1.04857069e-02 -2.40783654e-02 -1.50767891e-02 -3.57497185e-02
  3.35581452e-02 -1.03139943e-02 -1.51749151e-02  2.44354252e-02
  3.22573446e-02 -2.65256613e-02  3.80439013e-02  1.82577725e-02
 -2.70703286e-02  1.70305290e-03 -7.63341691e-03  1.07291844e-02
 -8.41004681e-03 -8.54696054e-03  6.00207411e-03  2.35032327e-02
  3.91252711e-03  1.26810186e-03  3.09973806e-02  1.36687290e-02
  2.28387956e-02 -5.57538401e-03 -1.32186501e-03  1.29634608e-02
  1.71093289e-02 -3.19057219e-02 -2.26954743e-02 -1.37063060e-02
 -1.56677235e-02 -3.54820974e-02  2.50515565e-02 -2.35748570e-02
  7.54356291e-03  5.49666118e-03  2.64141131e-02 -1.00853937e-02
 -5.66141075e-03 -2.27858350e-02  5.95764769e-03  2.71158926e-02
 -2.29915585e-02  9.35152732e-03  2.80764066e-02  9.68288071e-03
 -2.69139297e-02  1.46989664e-03  4.70170192e-03 -3.04938946e-02
  1.18103139e-02  4.35810443e-03  5.63981198e-03  2.77171303e-02
 -3.28861028e-02  1.34800188e-02  1.69561356e-02  2.25653537e-02
  2.31187623e-02  2.91707106e-02 -3.58995795e-02  2.75545288e-02
  7.92963803e-03  1.97210368e-02 -1.28665213e-02 -7.87462760e-03
  2.28301864e-02  3.89630231e-03  2.66427342e-02 -2.84643732e-02
  3.41168512e-03  9.24543012e-03  2.34306157e-02 -1.51798930e-02
 -2.02851519e-02 -5.33574494e-03  2.73769750e-04  4.84841177e-03
 -1.52147328e-02 -1.05844960e-02 -1.43527631e-02  2.27967352e-02
 -5.20671718e-04 -2.73809098e-02  2.41382085e-02  4.24119867e-02
 -3.47693115e-02  1.51320724e-02 -8.52768682e-03 -2.90663466e-02
  3.26076262e-02  1.93171818e-02 -1.81788728e-02  4.16853838e-03
  1.62439812e-02 -3.47413793e-02 -3.51781547e-02 -3.57826846e-03
  3.40113863e-02 -3.62609327e-02  1.35263586e-02 -9.53365024e-03
 -1.54175228e-02  1.60725862e-02 -1.91217400e-02  2.68213497e-03
  1.03880009e-02  2.15173978e-02  1.31521868e-02  3.43055315e-02
 -2.57271156e-02 -2.16956306e-02  2.09683180e-02 -7.27142673e-03
 -1.06678922e-02  3.02956570e-02  2.86945477e-02 -2.63867620e-02
  3.31306010e-02 -2.41878759e-02  7.14050373e-03  2.82278173e-02
  1.19627556e-02  1.45681035e-02 -1.65476883e-03 -4.19976674e-02
  3.35562862e-02  6.88036531e-03  3.26269902e-02 -2.51298561e-03
  1.65170338e-02 -1.47643322e-02 -1.46838930e-02 -2.81045656e-03
  4.17320244e-03 -2.85119135e-02  7.98478350e-03  1.74421649e-02
  1.12901384e-03  1.47571210e-02  6.29915716e-03 -1.91650260e-02
  1.09096654e-02 -1.29190264e-02  2.93284357e-02 -1.63440015e-02
  2.81761540e-03 -3.07261907e-02 -3.14956009e-02  3.20485868e-02
 -9.84035153e-03  7.03913532e-03 -3.07318270e-02  2.32703760e-02
  2.46611498e-02  5.28146140e-03 -8.24846036e-04 -1.54632470e-02
  2.88084410e-02 -3.37469317e-02 -6.86656125e-03 -4.23882921e-05
 -2.64276657e-02  1.60419233e-02 -7.20674638e-03 -1.30474288e-02
 -1.63287390e-02  2.16234941e-03 -2.30212808e-02  1.11101717e-02
  2.62762532e-02  1.27229225e-02 -2.14675199e-02 -2.82002762e-02
  2.15870757e-02 -2.79044197e-03 -1.87141486e-02  3.00064143e-02
 -3.08597870e-02  1.21772401e-02 -1.73235554e-02 -1.49499178e-02
  1.05763897e-02 -1.60642304e-02  1.01622976e-02  1.86649095e-02
  6.56889193e-03  3.26421373e-02  2.11652759e-02  8.42350419e-05
  9.03357845e-03  2.55994145e-02  3.23664881e-02  3.01081911e-02
  7.25211436e-03  1.99813563e-02 -4.82887700e-02 -2.09299959e-02
 -2.50826310e-03  1.36637595e-02 -2.83982232e-02  1.94014143e-02
 -6.69405144e-03  3.71960690e-03 -3.32649238e-02 -3.26877721e-02
 -3.10320291e-03  3.19975913e-02  2.97253765e-02  2.67400388e-02
  2.02637445e-02  8.89548101e-03  9.95891076e-03  2.78858226e-02
  8.77981819e-03  1.75848939e-02  8.69825855e-03 -1.63769517e-02
 -1.62948109e-02  7.21808849e-03  1.31563377e-02  2.71914024e-02
  3.21143419e-02 -3.98676395e-02  5.45491884e-03 -4.68179621e-02
 -3.75974141e-02 -2.24400125e-02 -2.78857332e-02 -1.08649712e-02
  2.50648893e-02  2.29104050e-02  1.77515410e-02  2.77475119e-02
  3.08234338e-02 -5.51301474e-03 -3.25254127e-02 -2.42580455e-02
  1.24758640e-02  1.01136919e-02  1.16074746e-02  5.96091058e-03
 -1.07931462e-03  1.75091811e-02  1.52982827e-02  3.39487754e-02
 -1.63026750e-02  3.23007330e-02  9.52360686e-03  7.01744715e-03
 -1.09017687e-02  1.63546130e-02 -1.22511303e-02 -3.19375880e-02
  1.62893105e-02 -3.52432318e-02 -2.13448843e-03 -3.08151543e-02
  6.85086823e-04 -3.11189573e-02 -2.85142157e-02 -2.19015907e-02
  8.39510560e-03  1.96974352e-02 -9.34750028e-03  1.14470320e-02
  2.93160323e-02 -6.06315723e-03 -5.73317637e-04  2.24149860e-02
  3.66007760e-02 -2.91731525e-02  5.08509902e-03  1.01652844e-02
 -4.03608056e-03 -5.09849982e-03  1.88960489e-02 -1.97882243e-02
 -1.25501212e-02 -1.44400699e-02 -3.06824706e-02  9.16392170e-03
 -3.24493200e-02 -1.82725135e-02 -2.76759807e-02  7.80376606e-03
  3.97094665e-03 -3.02366000e-02 -3.49378064e-02 -1.94209674e-03
  2.01398898e-02 -3.58573929e-03 -6.53589331e-03 -3.04138083e-02
 -2.50843242e-02 -4.00543660e-02  1.64113641e-02  5.72657958e-03
 -1.89616084e-02  3.47415917e-02  1.30479690e-02 -1.58972479e-02
 -2.03393470e-03  3.16158757e-02 -3.53251062e-02 -2.84596197e-02
 -3.87106650e-02  1.15996897e-02  2.68182857e-03 -2.35226825e-02
 -8.74032546e-03  1.00215087e-02 -2.35784557e-02  3.69266677e-03]

 fc2.weight 
[[ 0.02490682 -0.03108953 -0.02335747 ...  0.02195433 -0.02950833
   0.01194797]
 [ 0.01724119 -0.02754385 -0.00395704 ...  0.0192281  -0.01303706
  -0.02488108]
 [-0.00214056 -0.02393509  0.02151738 ... -0.01034303 -0.02727791
   0.00623703]
 ...
 [ 0.0112338  -0.01360897  0.01579445 ...  0.01633332 -0.00905167
   0.01820814]
 [ 0.01605462 -0.00900223 -0.01731188 ...  0.01202975 -0.02396818
   0.00365632]
 [ 0.00697368 -0.00878446  0.00308736 ... -0.02167118  0.0135537
  -0.00342371]]

 fc2.bias 
[-8.67009349e-03 -3.44840251e-02  3.85930724e-02 -2.91935373e-02
  8.76748003e-03  2.87305322e-02 -5.89111587e-03 -1.84855238e-02
 -3.28838862e-02 -1.13883168e-02 -1.24350116e-02 -8.77465680e-02
 -2.08790116e-05  6.38417900e-03 -3.58901769e-02 -4.85015921e-02
 -1.96674131e-02  1.79795362e-02 -2.39804629e-02 -3.35623659e-02
  1.62529238e-02  2.34589744e-02  4.24671452e-03 -4.57750075e-02
 -1.52886305e-02  5.66540193e-03  6.43915236e-02  1.65789016e-02
 -3.70372571e-02 -4.84582521e-02 -6.05497509e-03  1.24910113e-03
 -2.82615796e-02  1.12549625e-02  4.50635292e-02 -4.12010811e-02
  3.24830450e-02 -1.22504942e-02 -2.34597400e-02 -4.74183038e-02
  1.00637060e-02  1.78882224e-03  1.26914913e-02 -2.64073815e-02
 -2.01817136e-02  3.96494567e-03 -4.73519787e-02  1.12937642e-02
  4.99900430e-02 -4.46509868e-02 -1.20596746e-02 -9.50598717e-03
 -6.66303968e-04 -1.15402611e-02 -3.04887295e-02  1.74602726e-03
 -1.86439808e-02 -5.67924716e-02 -7.90090486e-03 -7.23587126e-02
 -3.53834257e-02  1.25992643e-02 -5.67532480e-02 -4.49501574e-02
 -4.13938724e-02 -3.49786170e-02 -7.29217157e-02 -2.55808644e-02
 -1.88656300e-02 -2.15145946e-02  1.44118527e-02 -5.57529666e-02
 -3.46477423e-03 -1.38444388e-02 -3.35731432e-02 -3.36202309e-02
 -7.25817680e-03 -6.91856351e-03 -4.87956628e-02 -1.60436109e-02
 -3.75123285e-02 -1.22410012e-02  9.15085548e-04  7.13999644e-02
 -6.52195290e-02 -3.48514654e-02  8.16823263e-03 -1.49983801e-02
  1.45618641e-03  3.90550904e-02 -2.15016697e-02 -1.81652512e-02
 -5.34360223e-02 -8.99904314e-03  3.83932749e-03 -2.88608614e-02
  2.13158540e-02 -2.16105860e-02 -3.22574079e-02  6.54738024e-03
 -2.18509044e-02 -4.05800827e-02 -3.92567366e-02 -2.66328640e-02
  1.20010236e-02 -1.71267185e-02 -2.11769380e-02 -1.48434211e-02
  3.15205031e-03  1.19476113e-02 -1.47247193e-02 -2.00319160e-02
 -4.45473120e-02 -3.54836062e-02 -4.06887792e-02 -4.31524627e-02
 -4.51173075e-02 -4.66759549e-03 -3.40614468e-02 -4.93115410e-02
 -2.20629349e-02 -2.28131078e-02 -2.92266626e-02 -1.97673738e-02
 -2.39970069e-02 -1.93589646e-02  2.50036977e-02 -1.77040510e-02
 -9.48177371e-03 -6.31385520e-02  4.87377075e-03  1.11826397e-02
 -7.85299093e-02 -1.40560430e-03  3.26111075e-03 -8.00187420e-03
 -4.16559577e-02  2.44631693e-02  1.29297096e-02 -1.48493173e-02
 -2.64753718e-02 -1.04338005e-02  3.93844256e-03  1.61822070e-03
 -1.30895926e-02 -6.04107901e-02 -1.94972120e-02 -3.32178688e-03
 -3.14163193e-02 -3.02118193e-02  7.61103928e-02 -2.65378375e-02
  7.18587777e-03  1.59655306e-02  2.70676222e-02 -3.34259123e-02
 -1.95825733e-02  3.67855392e-02 -1.44245448e-02 -1.46828983e-02
 -6.66514710e-02 -6.85957680e-03 -5.49162924e-02 -1.99740417e-02
 -2.76290793e-02 -5.19708097e-02  4.97113615e-02  4.68751648e-03
 -3.65946256e-02 -6.09861594e-03 -4.40243185e-02 -1.76794769e-03
 -1.63488705e-02 -1.78676639e-02 -9.19430342e-04 -4.17028964e-02
  2.24102195e-03 -4.00073752e-02 -1.58481747e-02 -3.17295007e-02
  4.08825435e-04 -2.43658368e-02 -2.80835535e-02 -1.02684513e-01
 -4.53030951e-02  6.61543608e-02 -6.10130141e-03 -1.13940760e-02
 -5.11593483e-02  2.77171582e-02 -4.77968156e-02 -6.00981666e-03
  1.30356913e-02 -3.13257575e-02  4.52740490e-03 -8.40554573e-03
 -2.38691602e-04  5.08491043e-03  1.27389235e-02 -3.77290621e-02
  7.28078708e-02 -3.53950411e-02 -4.26833406e-02 -4.33727354e-02
 -1.19727887e-02 -3.32509689e-02 -1.01445690e-02  1.00988578e-02
 -1.45738805e-02 -1.17103700e-02  4.53223148e-03 -1.91577207e-02
  4.10352163e-02  7.72608211e-03 -3.78882065e-02  1.34500032e-02
 -1.88618321e-02  1.58499589e-03  2.69950088e-02 -3.15144076e-04
 -2.67623924e-02  4.84019443e-02 -2.49709580e-02 -2.59805880e-02
 -4.78123222e-03 -5.10121807e-02 -2.49195341e-02 -3.78546193e-02
  1.36487801e-02 -6.35875911e-02  1.28210066e-02  1.57919656e-02
 -2.38430947e-02 -3.07535729e-03 -2.91136876e-02  1.06665045e-02
 -2.12476142e-02 -1.80927676e-03 -3.29753682e-02  1.25513077e-02
 -2.36130711e-02  8.29201099e-03 -4.53377366e-02 -1.74639076e-02
 -4.23111990e-02 -1.62444578e-03  1.12092206e-02 -5.01264632e-03
  9.67313303e-04 -1.84118263e-02  2.52612261e-03  1.68927312e-02
  2.00025588e-02 -3.70283425e-02 -7.70126516e-03 -7.97542930e-02
 -3.46617885e-02 -5.46310171e-02 -2.14565471e-02 -1.32913236e-03
 -5.34641510e-03  1.49662280e-02 -9.97131784e-03  3.60493474e-02
  1.36670433e-02 -3.74133363e-02 -2.72508822e-02 -2.10252665e-02
 -3.18109468e-02  1.38101634e-02 -1.85964275e-02  3.02884839e-02
 -5.00363149e-02 -4.20941645e-03 -3.02263666e-02 -3.26706581e-02
 -2.92346757e-02  7.45700253e-03 -6.46935077e-03 -2.45342194e-03
 -3.22151952e-03 -7.61447921e-02 -3.37273180e-02 -4.72615324e-02
 -2.61677243e-02 -8.41867849e-02 -2.90419478e-02 -2.55521610e-02
 -3.84763023e-03 -8.47330391e-02 -2.63495706e-02  3.47831147e-03
 -4.62767892e-02 -3.29411477e-02  2.97063459e-02 -1.43079488e-02
 -1.03086745e-02 -6.95836544e-03 -3.72012332e-02  1.16213190e-03
  2.41852570e-02  9.74901542e-02 -4.40411307e-02 -3.88884693e-02
 -3.22713293e-02 -3.49389501e-02  6.12026751e-02  1.75452046e-02
 -6.18572813e-03 -3.99632491e-02 -4.54460969e-03 -2.63474206e-03
  7.43829785e-03  3.32637969e-03 -1.87843461e-02 -4.42887358e-02
 -2.37378515e-02 -1.06880385e-02 -1.14122573e-02 -2.43598837e-02
  6.86894450e-03  2.34671514e-02 -3.87852862e-02  4.22545038e-02
  6.69596903e-03 -7.12462366e-02 -2.77254637e-02 -3.04688513e-02
  5.16480356e-02 -9.87194572e-03  2.31563970e-02 -2.48523284e-04
 -3.61689180e-02 -2.47993190e-02 -1.52855683e-02 -2.76793372e-02
 -3.39238308e-02 -2.02184357e-02 -2.71305293e-02 -3.34712714e-02
 -2.04922799e-02 -2.63486728e-02 -2.56046504e-02  2.24398877e-02
 -1.17439050e-02 -2.27832776e-02 -3.90564352e-02 -2.94342395e-02
 -6.27620220e-02  1.25589445e-02 -4.01507504e-02 -4.18043360e-02
 -4.30007838e-03 -2.58311648e-02 -3.03217280e-03 -3.27932090e-02
 -2.21300591e-02  1.98504142e-02  3.97323221e-02 -1.13689722e-02
  1.44262034e-02  3.39379385e-02 -4.87951487e-02 -3.80398296e-02
 -2.26584114e-02 -3.74418981e-02 -2.52823979e-02 -1.13806187e-03
 -2.85579041e-02 -3.28415111e-02 -3.62449847e-02 -3.43972743e-02
 -1.77866537e-02 -3.01706530e-02 -2.62289564e-03 -1.45349726e-02
  3.09578497e-02 -4.85817753e-02 -2.08771825e-02 -4.45067734e-02
 -3.29754464e-02 -3.58386189e-02 -1.72852483e-02 -3.71982455e-02
  3.88571471e-02  8.58913362e-03 -1.88128520e-02 -2.47698911e-02
  9.68704466e-04 -1.52625376e-02 -4.69259024e-02  6.87041553e-03
 -5.94757684e-02 -2.38425750e-02 -2.83956677e-02  2.35387241e-03
 -1.55468183e-02  2.29687225e-02  1.62274577e-02 -1.91582125e-02
 -2.77817678e-02 -7.30609000e-02 -3.12659815e-02 -4.12186533e-02
 -3.02361287e-02 -1.26241008e-02 -2.38684826e-02 -2.76041427e-03
  7.82539137e-03 -5.04071005e-02 -2.13890858e-02  2.28713956e-02
  2.99738254e-02 -4.61807922e-02 -4.70044644e-04 -4.26140726e-02
 -1.43461516e-02 -3.34323086e-02 -2.47074552e-02  6.08683331e-03
 -6.04059286e-02 -6.14361558e-03 -6.44701123e-02  1.39659895e-02
 -5.82838580e-02  4.17028181e-03  4.56477888e-03  3.12325768e-02
  8.99432506e-03 -2.06927001e-03 -1.66217815e-02 -5.28339930e-02
 -2.19543427e-02  1.90209188e-02 -1.74267460e-02 -1.09016150e-02
 -3.52644324e-02 -2.95115653e-02  3.70421037e-02 -1.58857964e-02
  2.34517604e-02 -4.33123223e-02 -4.29051742e-02 -4.93329540e-02
  2.94600264e-03  4.94066020e-03  4.00036853e-03 -9.32901539e-03
  1.36797745e-02 -6.30116910e-02  1.27001049e-03 -1.30388057e-02
  5.87483076e-03 -3.51117877e-03  4.69072610e-02 -2.17053108e-02
 -2.73552481e-02 -2.76194736e-02 -4.08013817e-03 -5.72338281e-03
 -2.71714497e-02  9.66986082e-03  5.33084832e-02  2.57447883e-02
 -8.37255083e-03 -5.34566119e-02 -2.60908175e-02 -3.30184400e-02
  6.20925613e-02 -5.17250672e-02  2.06496567e-02 -2.81070787e-02
 -2.51130201e-02  6.24076799e-02 -4.47721556e-02  5.03920354e-02
 -1.59161203e-02  1.00538705e-03  3.42186424e-04  1.46157090e-02
  2.71254987e-03 -6.09440729e-03 -4.43046615e-02  3.36864144e-02
 -3.06629073e-02 -4.14294675e-02  9.35475982e-04 -6.73287781e-03
 -5.03596105e-02 -3.31006087e-02 -2.95732785e-02 -5.86641580e-02
 -3.43289487e-02 -3.57041210e-02 -3.15199308e-02 -3.29901055e-02
 -2.69630011e-02 -3.78497802e-02 -3.42051201e-02 -2.34245602e-02
 -2.72050891e-02 -1.39957918e-02 -3.44435126e-02 -3.31826210e-02
 -2.93705370e-02 -3.90252993e-02  8.41962844e-02  8.77685579e-06
 -4.14750213e-03 -4.87282500e-02 -3.41306590e-02 -4.62022573e-02
  6.37700642e-03 -3.19382548e-02 -3.67061682e-02 -2.23027579e-02
 -4.10413295e-02 -3.90483327e-02 -4.49548289e-02 -1.81315877e-02
 -2.39125881e-02 -4.91682962e-02 -5.67942038e-02 -3.04058846e-02
 -2.57468075e-02 -4.36531194e-02 -6.52910471e-02  5.22626936e-03
 -2.05289153e-03 -8.72829277e-03  3.37152067e-03 -3.34612802e-02
 -2.33486462e-02 -6.47159740e-02  1.85615837e-03 -1.88188031e-02
 -7.39724468e-03 -2.16727499e-02 -1.58699974e-02 -7.94294700e-02
 -3.98715250e-02 -4.00632843e-02 -3.93628925e-02 -1.30685801e-02
  5.21317013e-02 -1.86209455e-02  1.49162281e-02 -9.73552093e-03
 -5.27798058e-03 -4.68678481e-04 -3.72435339e-02 -6.10307753e-02
 -5.91747686e-02 -4.50333543e-02 -3.45297791e-02 -2.00760551e-02
 -1.34245921e-02 -3.31964567e-02  1.18285008e-02  4.30719880e-03
 -4.25897427e-02 -6.74244715e-03 -4.14483771e-02  6.71295403e-03
 -9.07008573e-02  9.95519571e-03 -5.43801896e-02  8.60530511e-03
 -3.13554555e-02 -3.27838436e-02 -2.56151916e-03  1.97133981e-03
  2.39746692e-03  8.49218741e-02 -4.06571105e-02 -6.50449917e-02
 -9.66871507e-04 -3.42684090e-02 -8.26258808e-02  8.79383907e-02
 -2.22597644e-02 -3.47753689e-02 -5.24851941e-02 -2.87983427e-03
 -2.83888006e-03  1.89020745e-02  1.02925962e-02  4.55319090e-03
 -1.84618738e-02  3.06202173e-02 -2.55215112e-02 -3.32343020e-02
 -2.20833533e-02 -4.74289730e-02  1.79742370e-02 -5.38081722e-03
  4.32480313e-03 -7.18365796e-03 -9.14992541e-02 -5.02936877e-02
 -4.56355363e-02 -3.30163054e-02  8.89692679e-02 -1.11120958e-02
 -2.27322448e-02  3.20168845e-02 -6.05508126e-03  3.65462191e-02
 -3.01943831e-02  9.14752134e-04 -1.79374665e-02 -6.14202730e-02
 -1.84818369e-03  4.55096699e-02 -3.05302013e-02 -3.92212383e-02
 -7.52357170e-02 -4.74106818e-02 -1.65714845e-02  1.69288386e-02
 -2.78964285e-02  2.02618912e-02 -3.96912806e-02 -5.20772068e-03
 -6.40871227e-02 -5.70893511e-02  5.09015471e-03 -4.32718508e-02
 -5.17226569e-02 -4.35325317e-02 -2.26606820e-02 -2.69197412e-02
 -2.53382954e-03  7.32919797e-02  4.65157777e-02 -4.05461341e-02
 -6.92800879e-02  1.12356674e-02 -1.43734179e-02 -6.75691338e-03
  4.22783084e-02 -1.02007695e-01 -2.27283835e-02  4.34178710e-02
 -4.81454581e-02 -2.07170416e-02 -2.34724246e-02  9.33689822e-04
 -1.23628359e-02 -5.39634898e-02  6.69295117e-02 -1.12579642e-02
 -5.36963828e-02 -2.27792654e-02 -2.21960451e-02 -6.46851435e-02
  1.56221148e-02 -2.62775626e-02 -9.22220293e-03  8.27767178e-02
 -4.01015989e-02 -2.23469976e-02  2.28000060e-03 -5.89220263e-02
 -3.69393602e-02 -1.81926396e-02 -8.07444844e-03 -1.27931023e-02
 -4.60845120e-02 -1.15689472e-03 -2.27526296e-02  2.00345069e-02
 -2.97011510e-02 -2.81516239e-02 -6.24852430e-04 -4.17916626e-02
 -1.14507983e-02 -7.17499992e-03 -2.20692530e-02  4.81456406e-02
  7.92424195e-03 -4.38172147e-02 -2.20362935e-02 -1.89735517e-02
 -2.27738097e-02 -1.32098086e-02 -5.62818088e-02  2.09715758e-02
 -4.33108816e-03 -9.49544460e-03 -2.51488518e-02 -1.09359273e-03
 -1.67328585e-02 -1.18347630e-02 -6.09509833e-02  3.26421820e-02
 -1.58665497e-02 -3.94551009e-02  1.75442956e-02 -1.69675294e-02
  1.50132552e-02 -2.53290171e-03 -1.83566138e-02 -7.85924902e-04
 -3.86635549e-02 -9.60201696e-02 -3.86934988e-02 -1.05374549e-02
 -1.29105374e-02 -1.45339612e-02 -5.80513962e-02 -4.65591475e-02
 -1.90985035e-02  7.79825822e-02  4.72393483e-02 -2.47774617e-04
 -4.14462611e-02  3.74547988e-02 -3.22282538e-02  7.59368902e-03
  2.00068150e-02 -1.27935270e-02 -4.76147048e-03 -3.05835102e-02
 -3.45311277e-02 -3.68104465e-02 -6.07954822e-02 -2.46220641e-02
 -2.28515901e-02  8.19902401e-03 -4.38062437e-02 -5.06046899e-02
  3.87866679e-03  5.86192273e-02 -4.35134396e-02  2.54223887e-02
 -1.93641204e-02 -2.36577597e-02 -4.99008410e-02 -3.49178724e-02
 -3.01337224e-02 -2.27607302e-02 -3.08735706e-02  1.79860543e-03
 -4.39123362e-02 -2.08576489e-02 -3.27943973e-02 -2.24289764e-02
  5.54343872e-03  1.83268692e-02 -3.08230184e-02 -7.17665926e-02
  5.59911085e-03 -3.30047421e-02 -1.39929801e-02 -2.72775404e-02
 -1.34997871e-02 -1.79004762e-02 -3.98991555e-02 -6.88087940e-02
 -1.95366272e-04 -1.83147751e-02 -3.79647990e-03 -1.21665634e-02
 -2.09608217e-07  8.44563637e-03 -7.94367194e-02  2.41206866e-02
 -4.87178266e-02  6.60502538e-03 -2.72960402e-02 -9.18491837e-03
 -3.27981412e-02  3.42256180e-03 -4.07130420e-02  9.57740936e-03
 -3.91162820e-02 -1.92090068e-02  5.18671572e-02 -3.39619704e-02
 -1.92392580e-02 -5.20319119e-02  4.19717878e-02 -1.04892934e-02
 -4.26761508e-02 -5.68421707e-02 -2.51279119e-02 -1.97530650e-02
 -4.80404086e-02 -4.05708924e-02 -3.34577113e-02 -4.31706570e-02
 -1.90367904e-02 -9.49225388e-03 -7.57483765e-02 -4.10175771e-02
  2.15501804e-02 -2.91699301e-02 -3.19736227e-02 -3.74952890e-02
 -3.21087129e-02 -1.26858829e-02 -3.42920832e-02  1.54118538e-02
  3.15666618e-03 -9.10589471e-02  1.76116377e-02 -2.73949690e-02
 -9.67060775e-03 -4.84079914e-03 -3.15887220e-02 -5.26038334e-02
 -3.40728015e-02 -3.17759216e-02  6.52018338e-02 -5.08852415e-02
  7.72152143e-03 -2.10942086e-02 -4.12118919e-02 -7.17734336e-04
 -1.62665527e-02 -4.23107892e-02 -1.59335807e-02 -3.03782187e-02
 -3.14146280e-02 -1.13683632e-02 -6.99982466e-03 -1.30153412e-03
  5.65744098e-03 -5.96468374e-02 -1.51091143e-02 -9.51578841e-03
  4.60667210e-03 -2.14437582e-02 -7.42996410e-02 -5.91032691e-02
 -4.27471921e-02 -1.00762006e-02 -5.84243389e-05 -4.22946066e-02
  1.31161762e-02 -9.33780335e-03  2.80647725e-02 -2.68293265e-02
 -7.16642290e-02 -4.39106449e-02  7.24308006e-03 -6.94605568e-03
  2.01709773e-02 -2.94611994e-02 -4.88107884e-03 -3.98815125e-02
  2.57591549e-02 -6.13508075e-02  3.66727747e-02 -9.98897478e-03
  6.00066315e-03  1.20406160e-02 -2.32469309e-02  6.80880295e-03
 -6.90738931e-02  2.60628425e-02 -7.27062449e-02  7.59214349e-03
  3.66316885e-02 -3.00711580e-02 -3.85453813e-02 -5.86027540e-02
  1.62955597e-02 -1.20805120e-02 -3.91670316e-02  2.84982547e-02
 -6.79694442e-03 -4.66503575e-02  7.60790799e-03  3.95646319e-02
  5.33678271e-02 -6.57925308e-02 -5.28432727e-02 -3.12999338e-02
 -2.98021417e-02 -4.39628437e-02 -3.31927761e-02 -6.55618589e-03
 -3.66329551e-02  3.29272822e-04  4.49414253e-02  3.82713112e-03
  5.42757995e-02 -2.25269925e-02  3.00609153e-02 -7.92456418e-03
 -1.08894389e-02 -4.78793345e-02  3.52754793e-03 -1.45023374e-03
 -2.61484217e-02  1.02657126e-02 -2.66919509e-02 -2.77803261e-02
  1.54931713e-02 -1.10919531e-02 -2.22211014e-02 -2.39337236e-03
 -1.49651896e-02  1.82786696e-02 -2.89450474e-02 -2.42483877e-02
 -7.30382800e-02 -4.78839129e-02 -1.03409933e-02 -4.24433686e-03
 -1.78092625e-02 -1.33562852e-02  2.67968345e-02 -4.10731770e-02
  4.74652275e-02 -4.56349887e-02 -1.71672646e-02 -3.79985049e-02
 -2.17181500e-02 -4.60394396e-04 -3.23799588e-02 -7.46740401e-02
 -5.00414781e-02  1.83935612e-02 -8.68115481e-03 -5.90148978e-02
 -3.37460600e-02 -8.24756473e-02 -5.61706126e-02 -3.49004231e-02
 -1.85846537e-02 -4.93970094e-03 -5.54787815e-02 -4.93834652e-02
  1.00325728e-02 -2.52501853e-02 -3.57811637e-02 -9.77289956e-03
  3.79867777e-02 -3.12162712e-02 -1.23385722e-02 -3.15757543e-02
  3.84563557e-03 -6.09895797e-04 -2.47037057e-02 -3.47871594e-02
 -2.28352044e-02 -7.42367608e-03 -2.38279831e-02 -4.22045849e-02
  1.52474421e-03 -4.67057675e-02 -9.87023488e-03 -3.99056971e-02
 -4.06315364e-03  7.82518182e-03 -6.11124225e-02 -1.01496056e-02
 -5.14251180e-02 -2.62110904e-02 -5.22082783e-02 -1.08767664e-02
 -5.57122380e-02 -4.44726497e-02 -3.23781073e-02 -3.24544385e-02
 -4.21748944e-02  1.81224365e-02  1.44822686e-03 -2.72318050e-02
 -3.02249342e-02 -2.29347199e-02 -4.40896042e-02  4.84112743e-03
 -3.01021747e-02  5.33454269e-02  2.93151452e-03 -8.00977498e-02
 -3.22438218e-02  1.53810028e-02  7.46912602e-03  1.80148594e-02
 -1.97547227e-02 -6.13263203e-03  7.76439952e-03 -3.86420153e-02
 -4.22233827e-02 -5.29270247e-02 -1.38244685e-02 -2.38898434e-02
 -2.53163604e-03  1.93131473e-02  1.88811310e-02 -1.00056324e-02
  7.67872259e-02 -1.56787354e-02 -1.09126205e-02 -2.78175138e-02]

 fc3.weight 
[[ 0.01607493 -0.05709418 -0.06923394 ... -0.07058555  0.00548189
  -0.09097818]
 [-0.02470016 -0.05321833  0.00302674 ... -0.13599929 -0.03030743
  -0.02892486]
 [-0.03081974 -0.01332702 -0.01853016 ...  0.02531969 -0.02727603
  -0.02755434]
 ...
 [-0.03161798 -0.0277263  -0.05465282 ... -0.09820652 -0.00650762
   0.02969099]
 [-0.04685929 -0.13924715  0.01829996 ... -0.10485961 -0.02004886
   0.0007571 ]
 [-0.00725182 -0.01807827 -0.08751478 ... -0.15533483  0.01575663
  -0.07765443]]

 fc3.bias 
[-0.14208265 -0.08616943 -0.04440281 -0.04837286  0.03114715 -0.00899187
 -0.04844081 -0.0797159   0.24346435  0.06497256]